0 101 10000 20000 15000 250 300 0
2 102 12000 22000 17000 -200 -250 0
4 103 9000 18000 13000 300 200 50
6 104 15000 25000 16000 100 150 -30
8 105 8000 19000 14000 275 -225 20
10 106 11000 23000 15500 125 -175 35
12 107 9500 21000 14500 400 350 -40
14 108 13000 24000 16500 50 -100 15
16 109 14000 26000 17500 -350 -275 10
18 110 10500 22000 15800 200 300 -50
20 111 11500 20000 17000 -125 -225 5
22 112 12000 25000 16500 75 -50 30
24 113 10000 21000 15000 150 175 40
26 114 9500 19500 14000 325 -275 15
28 115 13500 25500 16000 -200 250 -30
30 116 12500 24500 15500 175 100 -10
32 117 11000 23500 16500 -50 -75 20
34 118 9000 18000 13000 225 275 -25
36 119 10200 21200 14800 -175 -150 0
38 120 10800 22000 15800 100 -50 5
